0	0	0
557	1	1
1874	2	1
3010	3	2
5050	4	2
7163	5	2
7450	4	2
8794	5	2
10802	6	3
11962	5	3
14830	6	3
16582	5	3
21134	4	3
25688	3	3
30186	2	3
34702	1	3
39302	0	3
49986	1	0
50419	2	0
50919	3	0
51450	4	0
51954	5	0
52566	6	0
53022	7	0
53478	8	0
53950	9	0
54414	8	0
54462	9	0
55002	10	0
55447	11	1
56702	12	2
58710	13	3
58950	12	3
62243	13	3
63470	12	3
68010	11	3
72546	10	3
77142	9	3
81697	8	3
86242	7	3
90730	6	3
95206	5	3
99734	4	3
104302	3	3
108806	4	0
108814	3	0
109286	4	0
109773	5	0
110462	6	0
110871	7	0
111497	8	0
112078	9	0
112660	10	0
113278	11	0
113362	10	0
113830	11	0
114382	12	0
115078	13	1
116428	14	2
117986	13	2
118358	14	3
122343	15	3
122542	14	3
127110	13	3
131638	12	3
136160	11	3
140598	10	3
145046	9	3
149666	8	3
154190	7	3
158790	6	3
163402	5	3
167962	4	3
169559	5	0
170230	6	0
170913	7	0
171634	8	0
172318	9	0
172606	8	0
173098	9	0
173818	10	0
174562	11	0
175103	12	0
175657	13	0
177154	13	0
181790	12	0
186278	11	0
190890	10	0
195474	9	0
199998	8	0
204522	7	0
209018	6	0
213578	5	0
218174	4	0
222598	3	0
227226	2	0
231742	1	0
236270	0	0
236270	635.491	2205.86	385.559
